1 16126030
2 16126031
3 16126032
4 16126033
5 16126034
6 16126003
7 16126004
8 16126006
9 16126007
10 16126008
11 16126009
12 16126035
13 16126036
14 16126037
15 16126038
16 16126039
17 16126040
18 16126041
19 16126042
20 16126043
21 16126044
22 16126050
23 16126051
24 16126052
25 16126053
26 16127005
27 16127006
28 16127007
29 16127008
30 16127009
31 16127010
32 16127012
33 16127013
34 16127014
35 16127015
36 16127016
37 16127017
38 16127018
39 16127020
40 16127021
41 16127023
42 16127024
43 16127025
44 16127026
45 16127028
46 16127029
47 16127030
48 16127031
49 16127032
50 16127033
51 16128007
52 16128008
53 16128009
54 16128010
55 16128015
56 16128016
57 16128020
58 16128021
59 16128022
60 16128028
61 16128029
62 16128030
63 16128032
64 16128034
65 16128035
66 16128036
67 16128037
68 16128039
69 16128040
70 16128041
71 16128042
72 16128043
